<?xml version="1.0" encoding="UTF-8"?>
<map version="1.10" tiledversion="1.11.2" orientation="orthogonal" renderorder="right-down" width="1" height="1" tilewidth="32" tileheight="32" infinite="1" nextlayerid="2" nextobjectid="1">
 <tileset firstgid="1" source="Mechanic-Floor.tsj"/>
 <layer id="1" name="Tile Layer 1" width="1" height="1">
  <data encoding="csv">
   <chunk x="-16" y="-16" width="16" height="16">
45,45,45,45,45,45,45,45,45,45,45,45,45,45,45,45,
45,45,45,45,45,45,45,45,45,45,45,45,45,45,45,45,
45,45,45,45,45,45,45,45,45,45,45,45,45,45,45,45,
45,45,45,45,45,45,45,45,45,45,45,45,45,45,45,45,
45,45,45,45,45,45,45,45,45,45,45,45,45,45,45,45,
45,45,45,45,45,45,45,45,45,45,45,45,45,45,45,45,
45,45,45,45,45,45,45,45,45,45,45,45,45,45,45,45,
45,45,45,45,45,45,45,45,45,45,45,45,45,45,45,45,
45,45,45,45,45,45,45,45,45,45,45,45,45,45,45,45,
45,45,45,45,45,45,45,45,45,45,45,45,45,45,45,45,
45,45,45,45,45,45,45,45,45,45,45,45,45,45,45,45,
45,45,45,45,45,45,45,45,45,45,45,45,45,45,45,45,
45,45,45,45,45,45,45,45,45,45,45,45,45,45,45,45,
45,45,45,45,45,45,45,45,45,45,45,45,45,45,45,45,
45,45,45,45,45,45,45,45,45,45,45,45,45,45,45,45,
45,45,45,45,45,45,45,45,45,45,45,45,45,45,45,45
</chunk>
   <chunk x="0" y="-16" width="16" height="16">
45,45,45,45,45,45,45,45,45,45,45,45,45,45,45,45,
45,45,45,45,45,45,45,45,45,45,45,45,45,45,45,45,
45,45,45,45,45,45,45,45,45,45,45,45,45,45,45,45,
45,45,45,45,45,45,45,45,45,45,45,45,45,45,45,45,
45,45,45,45,45,45,45,45,45,45,45,45,45,45,45,45,
45,45,45,45,45,45,45,45,45,45,45,45,45,45,45,45,
45,45,45,45,45,45,45,45,45,45,45,45,45,45,45,45,
45,45,45,45,45,45,45,45,45,45,45,45,45,45,45,45,
45,45,45,45,45,45,45,45,45,45,45,45,45,45,45,45,
45,45,45,45,45,45,45,45,45,45,45,45,45,45,45,45,
45,45,45,45,45,45,45,45,45,45,45,45,45,45,45,45,
45,45,45,45,45,45,45,45,45,45,45,45,45,45,45,45,
45,45,45,45,45,45,45,45,45,45,45,45,45,45,45,45,
45,45,45,45,45,45,45,45,45,45,45,45,45,45,45,45,
45,45,45,45,45,45,45,45,45,45,45,45,45,45,45,45,
45,45,45,45,45,45,45,45,45,45,45,45,45,45,45,45
</chunk>
   <chunk x="-16" y="0" width="16" height="16">
45,45,45,45,45,45,45,45,45,45,45,45,45,45,45,45,
45,45,45,45,45,45,45,45,45,45,45,45,45,45,45,45,
45,45,45,45,45,45,45,45,45,45,45,45,45,45,45,45,
45,45,45,45,45,45,45,45,45,45,45,45,45,45,45,45,
45,45,45,45,45,45,45,45,45,45,45,45,45,45,45,45,
45,45,45,45,45,45,45,45,45,45,45,45,45,45,45,45,
45,45,45,45,45,45,45,45,45,45,45,45,45,45,45,45,
45,45,45,45,45,45,45,45,45,45,45,45,45,45,45,45,
45,45,45,45,45,45,45,45,45,45,45,45,45,45,45,45,
45,45,45,45,45,45,45,45,45,45,45,45,45,45,45,45,
45,45,45,45,45,45,45,45,45,45,45,45,45,45,45,45,
45,45,45,45,45,45,45,45,45,45,45,45,45,45,45,45,
45,45,45,45,45,45,45,45,45,45,45,45,45,45,45,45,
45,45,45,45,45,45,45,45,45,45,45,45,45,45,45,45,
45,45,45,45,45,45,45,45,45,45,45,45,45,45,45,45,
45,45,45,45,45,45,45,45,45,45,45,45,45,45,45,45
</chunk>
   <chunk x="0" y="0" width="16" height="16">
45,45,45,45,45,45,45,45,45,45,45,45,45,45,45,45,
45,45,45,45,45,45,45,45,45,45,45,45,45,45,45,45,
45,45,45,45,45,45,45,45,45,45,45,45,45,45,45,45,
45,45,45,45,45,45,45,45,45,45,45,45,45,45,45,45,
45,45,45,45,45,45,45,45,45,45,45,45,45,45,45,45,
45,45,45,45,45,45,45,45,45,45,45,45,45,45,45,45,
45,45,45,45,45,45,45,45,45,45,45,45,45,45,45,45,
45,45,45,45,45,45,45,45,45,45,45,45,45,45,45,45,
45,45,45,45,45,45,45,45,45,45,45,45,45,45,45,45,
45,45,45,45,45,45,45,45,45,45,45,45,45,45,45,45,
45,45,45,45,45,45,45,45,45,45,45,45,45,45,45,45,
45,45,45,45,45,45,45,45,45,45,45,45,45,45,45,45,
45,45,45,45,45,45,45,45,45,45,45,45,45,45,45,45,
45,45,45,45,45,45,45,45,45,45,45,45,45,45,45,45,
45,45,45,45,45,45,45,45,45,45,45,45,45,45,45,45,
45,45,45,45,45,45,45,45,45,45,45,45,45,45,45,45
</chunk>
  </data>
 </layer>
</map>
